Generated Polynomials:
P(x): [1, -98, 66, 50, -6, -78]
Q(x): [25, 97, -29, -74]
R(x): [9765625.0, 189453125.0, 1413515625.0, 4642331250.0, 3244172625.0, -18781394493.0, -38584010395.0, 17142048072.0, 90488514339.0, 15849885265.0, -94269757145.0, -37809312924.0, 46696953804.0, 23928040480.0, -8985868370.0, -5184161690.0]

--------------------------------------------------
Epoch 2931: Loss = 20191820842.939346
P(x): [1.0, 163.22510341383327, -944.1706578583937, -1640.2276408125756, 6444.276647750594, -7125.72524312038]
Q(x): [25.0, 31.488058099504517, 131.2627809435026, -64.58598221394628]
R(x): [9765625.0, 61500232.039, 411294568.782, 1424373428.783, 4941015135.811, 10348562863.056, 22121908542.645, 24192728851.163, 30472937478.198, -5678240536.281, -6403822793.853, -37809308948.594, 7321942536.012, 23927994080.17, -13191158600.056, 1963431361.513]
diffs: [0.0, 127952892.96108031, 1002221056.2176857, 3217957821.217085, 1696842510.8113384, 29129957356.055725, 60705918937.64491, 7050680779.163174, 60015576860.80231, 21528125801.280693, 87865934351.14658, 3975.405990600586, 39375011267.9875, 46399.82972717285, 4205290230.0561333, 7147593051.512593]

Total runtime: 162.72 seconds
