Generated Polynomials:
P(x): [33, -47, -2, 41, 96, 47]
Q(x): [47, -92, -56, -54]
R(x): [7568385231.0, -74073557580.0, 244901845320.0, -258316070717.0, -31334381872.0, -292277921344.0, 634040052946.0, 482937245032.0, 280546046512.0, -741057797515.0, -1093313709288.0, -1098672967552.0, -647340071980.0, -297331849360.0, -80224796064.0, -15551660077.0]

--------------------------------------------------
Epoch 2735: Loss = 346335851342.8808
P(x): [33.0, -29.767016138753704, 994.0589982975738, -196.59500419035868, 360.33098202527543, -3677.49386935189]
Q(x): [47.0, -39.8445383196679, 26.77264669404854, -32.604786190152076]
R(x): [7568385231.0, -32080737557.296, 75949215884.482, -145605797546.627, 226568502307.069, -292278067134.344, 332298852882.1, -327304978438.19, 280546043936.477, -215228401344.9, 142217384186.909, -81377937280.729, 40949373915.241, -16125552163.328, 5187986399.675, -1284274476.148]
diffs: [0.0, 41992820022.704414, 168952629435.5183, 112710273170.37286, 257902884179.0694, 145790.34405517578, 301741200063.89966, 810242223470.19, 2575.5228271484375, 525829396170.0995, 1235531093474.9087, 1017295030271.2706, 688289445895.241, 281206297196.6716, 85412782463.67464, 14267385600.851782]

Total runtime: 149.23 seconds
