Generated Polynomials:
P(x): [-3, -79, -56, -51, -29, -90]
Q(x): [-19, -67, 80, -19]
R(x): [7428297.0, 130972605.0, 767316330.0, 1078255016.0, -4229139643.0, -7896669715.0, 19360320846.0, 9133815968.0, -56137663054.0, 67157586003.0, -41479382758.0, 14772732653.0, -2907691750.0, 231590170.0, 12311200.0, -2500908.0]

--------------------------------------------------
Epoch 2913: Loss = 2973289919.0990524
P(x): [3.0, 709.6983286503777, -1899.2996912807594, 5543.489909246732, -880.3755696725851, -6397.234010148238]
Q(x): [19.0, -63.73015427837905, 62.08117784810119, -1.4612524544019418]
R(x): [7428297.0, -124579373.813, 957080698.677, -4341748811.906, 12483621724.241, -22230126350.483, 19360107898.532, 9728540705.62, -51123829317.055, 67157569945.183, -45079047920.937, 14772380019.078, -1613600521.68, 90588362.115, -2362513.401, 15883.397]
diffs: [0.0, 255551978.81263188, 189764368.67665195, 5420003827.905916, 16712761367.240715, 14333456635.483456, 212947.46797943115, 594724737.6201859, 5013833736.944832, 16057.816543579102, 3599665162.9367065, 352633.92207717896, 1294091228.3195772, 141001807.88510412, 14673713.40120034, 2516791.3971563806]

Total runtime: 182.63 seconds
